 104 106 106 105 102 106 106 114  97  99 116 114 112 112 113 115
 109 112 113 112 114 112 113 110  86  78 112 115  89  92 113 112
 109 111 118 105  82 114 111 113  96  79 115 112  58 112 115 114
 111 113 117 115  65  93 117 113 110 101 116 100  87 114 114 115
 112 106  96 114 109  75 118 106  83  65  74 117 117 114 113 113
 117 111  56  99 119 112  81  74  81  74  53  54  68 116 105  88
 111 117 107  84 105  60  83  65  88 103 111 106  56  95  74  77
 115 114 118 115  54  87  72  97  83  79  55 108  60 108 115 114
  83  77  85  88  76  73 104  59 110 105  89  91  74 116 114 115
 107 101 106  74  99  65  98  47  57  83  81  76 112  88 118 112
 116 115 119  78  94  74  74  97  94  79  75 110 117  73  72 114
 104  68  80  87  56  94  82  77  71  77 113 117 118 114 100 114
 103 103 118 112  84  77  78  80 101 119 118  56 106 116 115 112
 115 119 114  69 120  93 111 117  87 113 114  91  69 114 115 112
 112 114 107  81 116  57 110 115  59 113 114 115 112 116 118 116
 112 116 116 115 114  96 118 118  78 120 116 117 116 117 116 116
 101 107 110 108 105 110 111 115  95 100 115 117 115 114 112 116
 111 115 116 116 115 117 117 116  82  79 118 117  88  93 116 115
 111 115 116 105  73 115 117 117  95  77 119 116  53 114 117 115
 113 116 117 116  59  88 118 118 113 100 117 102  87 116 116 115
 113 105  91 117 110  72 119 110  76  61  71 118 117 117 117 114
 116 113  55  98 119 114  78  69  71  69  50  47  62 115 102  90
 114 117 108  86 105  52  79  60  83 101 112 106  49  94  69  77
 117 117 118 115  50  87  67  93  76  73  51 112  57 106 117 116
  76  70  84  83  70  66  97  55 107 105  88  90  68 118 117 116
 105 100 106  72  94  56  94  42  43  78  76  72 112  86 116 116
 117 117 116  74  88  68  69  97  88  66  69 112 118  65  67 116
 101  59  78  82  47  92  79  70  70  74 113 118 118 116 100 117
 102 101 118 111  82  72  74  79 101 117 118  57 108 118 117 116
 116 118 119  63 118  88 112 118  84 118 117  88  69 117 118 117
 116 117 107  78 118  53 111 118  51 120 118 119 117 119 118 116
 117 117 117 117 117  95 118 118  73 119 119 118 119 118 118 118
 110 116 120 116 114 121 121 123 105 107 126 127 126 125 123 125
 122 126 126 124 127 127 127 128  90  86 128 130  94 100 127 125
 123 125 128 112  80 126 130 130 101  81 128 126  55 120 127 127
 123 126 127 125  64  96 132 130 122 108 127 109  94 129 128 127
 123 117  98 129 119  75 128 119  82  65  72 127 126 126 128 126
 127 122  57 105 129 124  85  73  73  72  56  51  65 125 109  96
 122 129 116  93 115  56  84  64  90 110 122 114  53 103  75  82
 125 128 128 126  53  92  73 102  83  77  52 119  62 116 125 128
  81  77  91  89  75  71 104  58 115 114  95  96  75 131 127 127
 112 108 114  75  99  60  99  44  45  83  80  76 121  94 126 127
 128 128 127  80  94  73  73 106  95  73  74 120 128  69  71 126
 110  62  85  88  50  99  85  76  73  79 124 129 128 127 111 127
 110 109 129 122  89  76  81  86 108 128 130  60 116 130 129 126
 126 131 130  69 130  94 120 130  91 127 128  94  73 128 129 125
 126 127 119  86 128  54 120 129  52 128 129 130 129 130 130 129
 127 126 127 127 129 103 130 129  80 128 129 129 131 127 129 123

 115 112 114 115 113  88  77 114 115 112 114 114 112 112 116 116
 113 113 115 114 113 105  74 115 114 118  72 100 115 115 118 116
 112  92 112 114 114 116  95 108 116  88  73 114 116 114 116 117
 112  89  58  87 117  68  56  60  74 112 117 118 106  69 112 116
 114 115 112 100 117  54 106 108  91  76 110 117  56  91 115 117
 116 112 115 116  74  53 111  55  89  81  75 113 118 114 114 116
  99  78  79 101  65  74 103  79 105  83  79  77 119 113 113 120
  97  86  96 110  83  81  88  83 110  57  94  71 101  87  59  78
 114 110 113 113 106  74  65  97  59  47  97  77  80 117 115 118
 106 113 111 117 118  81  83  72 104  98  74  82  78 111 110 118
 106 112 114  93  75 112  60  87  73  65  74  94  77  93  57  96
 102 114  82  65 109 119 105  54  76  99  94  56  84 120 116 114
 105 112 105 115 114  99  84 115  88  74  78  87 112  69  81 115
 106 113 118 117  96  56 107 118  85 106 119  80 118 114 107 116
 106 112 111 113 106 111 117 114  77 101 115  68 103 119 114 116
 104 109 109 111 112 117 111 115  83 107 116 104 103 115 112 112
 116 115 115 115 114  90  77 116 116 116 116 117 116 117 116 118
 112 116 117 116 117 102  69 117 117 116  67 100 117 118 118 118
 114  93 114 116 117 115  94 106 118  86  65 116 118 117 119 118
 115  88  53  87 117  62  49  57  68 112 118 118 108  69 117 119
 117 117 116 102 118  47 106 112  90  72 112 118  57  88 119 118
 115 118 119 117  71  50 112  51  88  76  69 113 118 117 118 119
 100  79  77 100  61  69 101  73 105  78  66  74 117 118 120 119
  95  82  95 113  76  71  83  76 107  43  88  70 101  84  51  73
 115 116 117 118 110  69  60  93  55  42  97  70  79 118 118 118
 111 117 117 118 119  78  79  67  97  94  69  79  74 112 111 118
 110 117 115  88  72 114  52  87  66  56  68  92  72  88  53  95
 105 115  73  59 110 119 105  50  70  94  88  47  82 118 118 117
 108 116 105 116 117  98  86 115  83  72  74  82 111  63  78 117
 110 116 116 117  91  55 108 118  84 106 116  78 118 119 107 117
 107 115 115 116 105 113 117 117  70 100 117  59 101 118 117 117
 101 111 111 113 113 116 114 117  76 105 117 101 102 116 116 117
 125 125 127 127 126  96  82 128 127 127 126 127 126 125 129 123
 123 127 127 128 128 109  75 125 127 126  71 111 129 129 130 129
 125 100 120 129 126 125 103 116 131  94  69 127 130 128 130 127
 126  94  55  94 126  65  53  62  75 121 128 128 116  73 129 131
 127 130 126 109 127  51 114 119  96  76 120 129  60  94 130 129
 126 128 128 127  72  56 122  52  95  80  74 124 130 128 129 129
 107  86  81 108  65  72 110  77 114  83  73  79 128 127 128 128
 105  90 101 122  82  73  90  83 115  45  95  73 108  91  52  80
 123 128 130 130 119  73  64 102  58  44 106  76  86 130 129 129
 121 127 130 132 128  85  84  73 104  99  73  85  81 120 120 130
 121 127 126  96  75 124  56  92  71  60  73  99  76  94  54 103
 114 127  80  64 119 129 115  53  75  99  94  50  89 130 128 129
 116 124 112 125 129 105  93 126  89  75  80  88 122  69  86 127
 120 126 128 127  98  57 116 128  91 114 127  85 129 130 119 127
 116 126 125 126 117 122 129 128  77 108 128  62 109 131 127 126
 110 122 123 123 123 127 122 125  81 112 128 110 110 126 126 127

 116 116 117 116 117 116 120  78 118 118  96 114 115 116 116 112
 116 118 116 112 115 114 113  59 115 110  57 116  81 107 114 112
 112 115 114  69  91 114 113  87 117 111  93 120  69 114 119 115
 112 115 116 106  56 118 119 101  80  78  77  84 112 118 103 103
 114 100 114 118 117 113  77  71  77  82  94  56  87  80  68 104
 114  72  73 117 110  75  79  94  97  74  74  94  78 119 115 116
 112 118  88 112  76  81  83  57  47  98  65  99  74 106 101 107
 115 114 116  74  91  89 105 110  59 104  73  76  88  85  77  83
 114 115 108  60 108  55  79  83  97  72  87  54 115 118 114 115
  77  74  95  56 106 111 103  88  65  83  60 105  84 107 117 111
  88 105 116  68  54  53  74  81  74  81 112 119  99  56 111 117
 113 113 114 117 117  74  65  83 106 118  75 109 114  96 106 112
 115 114 114  87 100 116 101 110 113 117  93  65 115 117 113 111
 114 115 112  58 112 115  79  96 113 111 114  82 105 118 111 109
 112 113  92  89 115 112  78  86 110 113 112 114 112 113 112 109
 115 113 112 112 114 116  99  97 114 106 106 102 105 106 106 104
 118 118 118 119 118 119 119  73 118 118  95 117 117 117 117 117
 116 118 119 117 119 118 120  51 118 111  53 118  78 107 117 116
 117 118 117  69  88 117 118  84 118 112  88 118  63 119 118 116
 116 117 118 108  57 118 117 101  79  74  72  82 111 118 101 102
 117 100 116 118 118 113  74  70  70  79  92  47  82  78  59 101
 116  67  65 118 112  69  66  88  97  69  68  88  74 116 117 117
 116 116  86 112  72  76  78  43  42  94  56  94  72 106 100 105
 116 117 118  68  90  88 105 107  55  97  66  70  83  84  70  76
 116 117 106  57 112  51  73  76  93  67  87  50 115 118 117 117
  77  69  94  49 106 112 101  83  60  79  52 105  86 108 117 114
  90 102 115  62  47  50  69  71  69  78 114 119  98  55 113 116
 114 117 117 117 118  71  61  76 110 119  72 110 117  91 105 113
 115 116 116  87 102 117 100 113 118 118  88  59 116 117 116 113
 115 117 114  53 116 119  77  95 117 117 115  73 105 116 115 111
 115 116  93  88 117 118  79  82 116 117 117 115 116 116 115 111
 116 112 114 115 117 115 100  95 115 111 110 105 108 110 107 101
 123 129 127 131 129 129 128  80 129 130 103 129 127 127 126 127
 129 130 130 129 130 129 128  52 129 120  54 128  86 119 127 126
 125 129 128  73  94 128 127  91 130 120  94 130  69 130 131 126
 126 129 130 116  60 130 128 108  86  81  76  89 122 129 109 110
 127 111 127 128 129 124  79  73  76  85  99  50  88  85  62 110
 126  71  69 128 120  74  73  95 106  73  73  94  80 127 128 128
 127 126  94 121  76  80  83  45  44  99  60  99  75 114 108 112
 127 127 131  75  96  95 114 115  58 104  71  75  89  91  77  81
 128 125 116  62 119  52  77  83 102  73  92  53 126 128 128 125
  82  75 103  53 114 122 110  90  64  84  56 115  93 116 129 122
  96 109 125  65  51  56  72  73  73  85 124 129 105  57 122 127
 126 128 126 126 127  72  65  82 119 128  75 119 129  98 117 123
 127 128 129  94 109 127 108 122 130 132  96  64 125 127 126 123
 127 127 120  55 126 128  81 101 130 130 126  80 112 128 125 123
 125 127 100  94 130 128  86  90 128 127 127 127 124 126 126 122
 125 123 125 126 127 126 107 105 123 121 121 114 116 120 116 110

 112 112 115 103 104 116 107  83 115 111 117 112 111 109 109 104
 116 114 119 103  68 115 101  77 114 117 111 106 113 111 112 106
 116 107 114 118  80 119 106  85 118 107  56  96 117 118 113 106
 115  81  69 112  87  78  74  88 115  84  99 114 115 105 112 105
 114 116 120  84  56  94  99  76  54 105 119 109  65  82 114 102
  96  57  93  77  94  74  65  73  87  60 112  75  93 114 112 106
 118 110 111  78  82  74  98 104  72  83  81 118 117 111 113 106
 118 115 117  80  77  97  47  59  97  65  74 106 113 113 110 114
  78  59  87 101  71  94  57 110  83  88  81  83 110  96  86  97
 120 113 113 119  77  79  83 105  79 103  74  65 101  79  78  99
 116 114 114 118 113  75  81  89  55 111  53  74 116 115 112 116
 117 115  91  56 117 110  76  91 108 106  54 117 100 112 115 114
 116 112  69 106 118 117 112  74  60  56  68 117  87  58  89 112
 117 116 114 116 114  73  88 116 108  95 116 114 114 112  92 112
 116 118 115 115 100  72 118 114 115  74 105 113 114 115 113 113
 116 116 112 112 114 114 112 115 114  77  88 113 115 114 112 115
 117 116 116 102 101 117 105  76 117 114 116 113 113 111 111 101
 117 117 118 101  59 117 100  70 117 117 113 105 116 115 115 107
 117 107 119 118  78 116 106  84 118 108  55  91 117 116 116 110
 117  78  63 111  82  74  72  83 115  86  98 117 116 105 116 108
 117 118 118  82  47  88  94  70  50 105 119 110  59  73 115 105
  95  53  88  72  92  68  56  66  87  52 114  72  88 115 117 110
 118 111 112  74  79  69  94  97  67  79  78 119 118 117 117 111
 118 118 118  79  70  97  42  55  93  60  69 110 118 117 116 115
  73  51  84 101  70  88  43 107  76  83  71  76 113  95  82  95
 119 120 118 117  74  66  78 105  73 101  69  61 100  77  79 100
 119 118 117 118 113  69  76  88  51 112  50  71 117 119 118 115
 118 119  88  57 118 112  72  90 112 106  47 118 102 116 117 117
 119 117  69 108 118 118 112  68  57  49  62 117  87  53  88 115
 118 119 117 118 116  65  86 118 106  94 115 117 116 114  93 114
 118 118 118 117 100  67 116 117 117  69 102 117 116 117 116 112
 118 116 117 116 117 116 116 116 116  77  90 114 115 115 115 116
 127 126 126 110 110 128 112  81 125 122 127 123 123 123 122 110
 126 127 131 109  62 128 108  77 128 129 122 117 126 125 126 116
 127 119 130 129  85 127 114  91 128 116  57  98 127 128 126 120
 127  86  69 122  88  80  75  89 126  93 105 129 125 112 124 116
 129 128 130  89  50  94  99  75  53 115 129 119  64  80 127 114
 103  54  94  76  99  73  60  71  92  56 124  75  96 126 127 121
 130 120 120  81  85  73  99 104  73  84  85 128 132 130 127 121
 129 129 130  86  76 106  44  58 102  64  73 119 130 130 128 123
  80  52  91 108  73  95  45 115  83  90  73  82 122 101  90 105
 128 128 127 128  79  73  83 114  77 110  72  65 108  81  86 107
 129 129 128 130 124  74  80  95  52 122  56  72 127 128 128 126
 129 130  94  60 129 120  76  96 119 114  51 127 109 126 130 127
 131 129  73 116 128 128 121  75  62  53  65 126  94  55  94 126
 127 130 128 130 127  69  94 131 116 103 125 126 129 120 100 125
 129 130 129 129 111  71 126 127 125  75 109 128 128 127 127 123
 123 129 125 126 127 126 127 127 128  82  96 126 127 127 125 125

