 161 166 170 168 171 170 158 147 156 165 167 159 161 167 165 169
 164 165 141 127 138 135 122  81  79 103 116 115 151 164 167 168
 165 163 164 116 109 136 145 157 123 119 122 103 141 168 167 173
 169 146 134 132 127 115  85 159 134  89  98 101  82 133 169 172
 163 158 137 130 133  99  86 104 153  88  84 125 161 164 168 167
 163 166 170 144 138 154 130 116 155 144 124 136 151 165 170 171
 163 168 170 142 126 123 114 106 107 110 110 142 144 169 170 172
 163 168 162 111 115 118 118 112 116 121 119 112 117 164 169 170
 160 165 117 123 111  86  96 114 118 109  84  86 115 110 167 169
 167 148 112 121  86  81  80 107 115  89  85  83  98 117 137 170
 162 133 116 117  86  81  77 106 117  86  80  83  99 116 127 167
 164 146 110 118  90  79  79 115 118  96  78  82 106 119 127 170
 162 164 112 119 120 101 107 117 117 114  98 101 117 108 154 168
 165 164 159 112 117 116 119 117 114 118 115 119 112 140 166 163
 157 163 162 163 131 111 111 116 115 110 104 115 149 166 166 164
 148 160 162 161 161 162 155 143 138 147 164 164 166 173 168 166
 168 169 170 171 170 171 162 149 157 170 170 161 165 170 171 172
 166 168 142 119 140 132 116  74  72  95 112 107 151 170 172 172
 167 169 166 111 105 134 144 152 119 107 116  96 144 171 170 171
 168 149 134 127 116 100  76 153 120  80  89  97  75 137 171 171
 167 159 137 125 117  90  74 100 133  79  77 121 159 169 169 171
 165 168 170 137 121 130 113 104 139 124 111 134 153 170 170 170
 165 168 169 138 115 115 110 107 108 110 105 141 144 170 170 170
 164 168 166 109 118 127 124 124 124 126 126 119 118 163 170 172
 165 166 115 126 110  81  95 122 124 110  77  85 125 113 169 171
 165 153 117 123  80  73  72 114 123  84  72  70 102 121 137 168
 163 135 124 123  79  72  73 111 123  81  73  71 100 124 127 170
 164 146 116 124  93  72  73 119 123  96  72  72 111 125 129 170
 163 166 112 123 122 102 112 122 123 122 101 106 124 112 157 169
 163 166 159 111 122 124 122 123 122 122 124 123 112 143 169 170
 160 166 167 164 131 110 113 119 122 117 109 116 150 168 168 169
 150 160 164 159 161 163 155 136 138 149 163 166 168 169 170 169
 180 180 180 182 181 182 171 156 167 179 179 170 176 180 184 182
 178 180 153 123 148 139 119  72  74  97 118 113 160 182 183 182
 177 182 176 112 105 130 146 159 121 102 120 100 154 182 183 184
 178 159 139 133 110  88  76 160 104  71  91 100  76 144 182 182
 178 169 144 133 104  81  74 100 110  72  75 128 166 180 181 181
 177 179 181 146 108 109  96  98 116 103  94 143 161 181 182 184
 177 178 179 146 114 117 136 142 140 129 112 151 152 182 181 182
 176 179 177 124 164 179 180 180 182 182 178 165 140 174 183 183
 174 178 136 178 152  93 121 179 181 155  86 102 175 141 180 182
 174 162 160 179  98  75  74 157 183 103  73  75 133 176 152 183
 171 152 176 179  91  73  74 147 183  98  74  75 127 184 148 181
 174 157 162 180 117  73  79 165 183 130  73  76 153 180 147 180
 173 175 135 176 175 137 156 180 182 179 136 148 181 155 170 182
 174 175 166 138 176 180 183 180 182 182 181 181 157 157 181 184
 169 176 178 175 145 143 158 174 174 166 151 141 165 181 185 182
 160 170 173 168 172 173 165 149 152 158 175 180 181 180 182 182

 169 168 173 172 167 171 172 170 169 170 167 170 168 163 164 166
 165 167 167 169 168 170 170 169 167 137 127 127 154 166 166 168
 167 164 168 133 164 165 169 164 110 117 116 119 108 140 166 173
 161 151 141  82 161 151 144 117 115  98  99 106 117 112 149 166
 159 115 103 101 125 136 142 112  86  83  83  82 101 119 115 164
 167 116 122  98  84 124 110 119  84  85  80  78  98 115 104 164
 165 103 119  89  88 144 110 121 109  89  86  96 114 118 110 147
 156  79 123 134 153 155 107 116 118 115 117 118 117 114 115 138
 147  81 157 159 104 116 106 112 114 107 106 115 117 117 116 143
 158 122 145  85  86 130 114 118  96  80  77  79 107 119 111 155
 170 135 136 115  99 154 123 118  86  81  81  79 101 116 111 162
 171 138 109 127 133 138 126 115 111  86  86  90 120 117 131 161
 168 127 116 132 130 144 142 111 123 121 117 118 119 112 163 161
 170 141 164 134 137 170 170 162 117 112 116 110 112 159 162 162
 166 165 163 146 158 166 168 168 165 148 133 146 164 164 163 160
 161 164 165 169 163 163 163 163 160 167 162 164 162 165 157 148
 172 172 171 171 171 170 170 172 171 168 170 170 169 170 169 169
 171 172 170 171 169 170 170 170 169 137 127 129 157 169 168 170
 170 170 171 137 169 170 170 163 113 121 124 125 112 143 168 169
 165 151 144  75 159 153 144 118 125 102 100 111 124 112 150 168
 161 107  96  97 121 134 141 119  85  70  71  72 106 123 116 166
 170 112 116  89  77 111 105 126  77  72  73  72 101 124 109 163
 170  95 107  80  79 124 110 126 110  84  81  96 122 122 117 149
 157  72 119 120 133 139 108 124 124 123 123 123 123 122 122 138
 149  74 152 153 100 104 107 124 122 114 111 119 122 123 119 136
 162 116 144  76  74 113 110 124  95  72  73  73 112 122 113 155
 171 132 134 100  90 130 115 127  81  73  72  72 102 124 110 163
 170 140 105 116 117 121 115 118 110  80  79  93 122 122 131 161
 171 119 111 127 125 137 138 109 126 123 123 124 123 111 164 159
 170 142 166 134 137 170 169 166 115 117 124 116 112 159 167 164
 169 168 169 149 159 168 168 168 166 153 135 146 166 166 166 160
 168 166 167 168 167 165 165 164 165 165 163 164 163 163 160 150
 182 182 184 182 181 184 182 183 182 183 181 180 182 184 182 182
 184 183 183 182 181 182 181 183 180 152 148 147 170 181 185 182
 180 182 182 144 180 181 182 174 141 176 184 180 155 157 181 180
 176 160 154  76 166 161 152 140 175 133 127 153 181 157 165 181
 170 113 100 100 128 143 151 165 102  75  75  76 148 181 141 180
 179 118 120  91  75  94 112 178  86  73  74  73 136 181 151 175
 179  97 102  71  72 103 129 182 155 103  98 130 179 182 166 158
 167  74 121 104 110 116 140 182 181 183 183 183 182 182 174 152
 156  72 159 160 100  98 142 180 179 157 147 165 180 180 174 149
 171 119 146  76  74  96 136 180 121  74  74  79 156 183 158 165
 182 139 130  88  81 109 117 179  93  75  73  73 137 180 143 173
 181 148 105 110 104 108 114 164 152  98  91 117 175 176 145 172
 182 123 112 133 133 146 146 124 178 179 179 180 176 138 175 168
 180 153 176 139 144 181 179 177 136 160 176 162 135 166 178 173
 180 180 182 159 169 179 178 179 178 162 152 157 175 175 176 170
 180 178 177 178 178 177 177 176 174 174 171 174 173 174 169 160

 166 168 173 166 164 164 147 138 143 155 162 161 161 162 160 148
 164 166 166 149 115 104 110 115 116 111 111 131 163 162 163 157
 163 166 140 112 119 115 118 114 117 119 116 117 112 159 164 165
 168 154 108 117 101  98 114 117 117 107 101 120 119 112 164 162
 170 127 119 106  82  78  96 118 115  79  79  90 118 110 146 164
 167 127 116  99  83  80  86 117 106  77  81  86 117 116 133 162
 170 137 117  98  83  85  89 115 107  80  81  86 121 112 148 167
 169 167 110 115  86  84 109 118 114  96  86 111 123 117 165 160
 170 169 164 117 112 119 121 116 112 118 118 115 111 162 168 163
 172 170 169 144 142 110 110 107 106 114 123 126 142 170 168 163
 171 170 165 151 136 124 144 155 116 130 154 138 144 170 166 163
 167 168 164 161 125  84  88 153 104  86  99 133 130 137 158 163
 172 169 133  82 101  98  89 134 159  85 115 127 132 134 146 169
 173 167 168 141 103 122 119 123 157 145 136 109 116 164 163 165
 168 167 164 151 115 116 103  79  81 122 135 138 127 141 165 164
 169 165 167 161 159 167 165 156 147 158 170 171 168 170 166 161
 169 170 169 168 166 163 149 138 136 155 163 161 159 164 160 150
 169 168 168 150 116 109 117 122 119 113 110 131 164 167 166 160
 170 169 143 112 123 124 122 122 123 122 124 122 111 159 166 163
 169 157 112 124 106 101 122 123 122 112 102 122 123 112 166 163
 170 129 125 111  72  72  96 123 119  73  72  93 124 116 146 164
 170 127 124 100  71  73  81 123 111  73  72  79 123 124 135 163
 168 137 121 102  70  72  84 123 114  72  73  80 123 117 153 165
 171 169 113 125  85  77 110 124 122  95  81 110 126 115 166 165
 172 170 163 118 119 126 126 124 124 124 127 118 109 166 168 164
 170 170 170 144 141 105 110 108 107 110 115 115 138 169 168 165
 170 170 170 153 134 111 124 139 104 113 130 121 137 170 168 165
 171 169 169 159 121  77  79 133 100  74  90 117 125 137 159 167
 171 171 137  75  97  89  80 120 153  76 100 116 127 134 149 168
 171 170 171 144  96 116 107 119 152 144 134 105 111 166 169 167
 172 172 170 151 107 112  95  72  74 116 132 140 119 142 168 166
 172 171 170 165 161 170 170 157 149 162 171 170 171 170 169 168
 182 182 180 181 180 175 158 152 149 165 173 172 168 173 170 160
 182 185 181 165 141 151 166 174 174 158 143 145 175 178 176 169
 184 181 157 157 181 181 182 182 180 183 180 176 138 166 175 174
 182 170 155 181 148 136 179 182 180 156 137 175 176 135 175 173
 180 147 180 153  76  73 130 183 165  79  73 117 180 162 157 174
 181 148 184 127  75  74  98 183 147  74  73  91 179 176 152 171
 183 152 176 133  75  73 103 183 157  74  75  98 179 160 162 174
 182 180 141 175 102  86 155 181 179 121  93 152 178 136 178 174
 183 183 174 140 165 178 182 182 180 180 179 164 124 177 179 176
 182 181 182 152 151 112 129 140 142 136 117 114 146 179 178 177
 184 182 181 161 143  94 103 116  98  96 109 108 146 181 179 177
 181 181 180 166 128  75  72 110 100  74  81 104 133 144 169 178
 182 182 144  76 100  91  71 104 160  76  88 110 133 139 159 178
 184 183 182 154 100 120 102 121 159 146 130 105 112 176 182 177
 182 183 182 160 113 118  97  74  72 119 139 148 123 153 180 178
 182 184 180 176 170 179 179 167 156 171 182 181 182 180 180 180

 148 157 165 162 164 162 167 160 163 163 163 163 169 165 164 161
 160 163 164 164 146 133 148 165 168 168 166 158 146 163 165 166
 162 162 159 112 110 116 112 117 162 170 170 137 134 164 141 170
 161 163 112 119 118 117 121 123 111 142 144 130 132 116 127 168
 161 131 117 120  90  86  86 111 115 126 138 133 127 109 138 171
 162 111 116 101  79  81  81  86 118 123 154  99 115 136 135 170
 155 111 119 107  79  77  80  96 118 114 130  86  85 145 122 158
 143 116 117 117 115 106 107 114 112 106 116 104 159 157  81 147
 138 115 114 117 118 117 115 118 116 107 155 153 134 123  79 156
 147 110 118 114  96  86  89 109 121 110 144  88  89 119 103 165
 164 104 115  98  78  80  85  84 119 110 124  84  98 122 116 167
 164 115 119 101  82  83  83  86 112 142 136 125 101 103 115 159
 166 149 112 117 106  99  98 115 117 144 151 161  82 141 151 161
 173 166 140 108 119 116 117 110 164 169 165 164 133 168 164 167
 168 166 166 154 127 127 137 167 169 170 170 168 169 167 167 165
 166 164 163 168 170 167 170 169 170 172 171 167 172 173 168 169
 150 160 163 163 164 163 165 165 164 165 165 167 168 167 166 168
 160 166 166 166 146 135 153 166 168 168 168 159 149 169 168 169
 164 167 159 112 116 124 117 115 166 169 170 137 134 166 142 170
 159 164 111 123 124 123 123 126 109 138 137 125 127 111 119 171
 161 131 122 122  93  79  80 110 118 115 121 117 116 105 140 170
 163 110 124 102  72  72  73  81 127 115 130  90 100 134 132 171
 155 113 122 112  73  73  72  95 124 110 113  74  76 144 116 162
 136 119 123 122 119 111 114 122 124 107 104 100 153 152  74 149
 138 122 122 123 123 123 123 124 124 108 139 133 120 119  72 157
 149 117 122 122  96  81  84 110 126 110 124  79  80 107  95 170
 163 109 124 101  72  73  72  77 126 105 111  77  89 116 112 170
 166 116 123 106  72  71  70  85 119 141 134 121  97  96 107 161
 168 150 112 124 111 100 102 125 118 144 153 159  75 144 151 165
 169 168 143 112 125 124 121 113 163 170 170 169 137 171 170 170
 170 168 169 157 129 127 137 169 170 170 170 169 171 170 172 171
 169 169 170 169 170 170 168 171 172 170 170 171 171 171 172 172
 160 169 174 173 174 171 174 174 176 177 177 178 178 177 178 180
 170 176 175 175 157 152 162 178 179 178 179 169 159 182 180 180
 173 178 166 135 162 176 160 136 177 179 181 144 139 176 153 180
 168 175 138 176 180 179 179 178 124 146 146 133 133 112 123 182
 172 145 176 175 117  91  98 152 164 114 108 104 110 105 148 181
 173 143 180 137  73  73  75  93 179 117 109  81  88 130 139 182
 165 158 183 156  79  74  74 121 180 136  96  74  76 146 119 171
 149 174 180 180 165 147 157 179 180 142  98 100 160 159  72 156
 152 174 182 182 183 183 183 181 182 140 116 110 104 121  74 167
 158 166 182 179 130  98 103 155 182 129 103  72  71 102  97 179
 175 151 181 136  73  74  73  86 178 112  94  75  91 120 118 179
 180 141 181 148  76  75  75 102 165 151 143 128 100 100 113 170
 181 165 157 181 153 127 133 175 140 152 161 166  76 154 160 176
 180 181 157 155 180 184 176 141 174 182 181 180 144 182 182 180
 182 185 181 170 147 148 152 180 183 181 182 181 182 183 183 184
 182 182 184 182 180 181 183 182 183 182 184 181 182 184 182 182

